antigo - já avaliado
1 0 1 0 
0 1 0 1 
1 0 0 1 
0 1 1 0 

poly novos + comb antigas
0 0 0 0     1 0 0 0 1 0 0 0
0 0 0 0     0 1 0 0 0 1 0 0
0 0 0 0     0 0 1 0 0 0 0 1
0 0 0 0     0 0 0 1 0 0 1 0

poly ant + comb novas
0 0 0 0 
0 0 0 0 
0 0 0 0 
0 0 0 0 
1 0 0 0 
0 1 0 0 
0 0 1 0 
0 0 0 1 
1 0 0 0 
0 1 0 0 
0 0 0 1 
0 0 1 0 

poly novos + comb antigas 
1 0 1 0     0 0 1 0 0 0 1 0
0 1 0 1     0 0 0 1 0 0 0 1
1 0 0 1     1 0 0 0 0 1 0 0
0 1 1 0     0 1 0 0 1 0 0 0
0 0 1 0     0 0 0 1 0 1 0 0
0 0 0 1     0 0 1 0 1 0 0 0
1 0 0 0     0 1 0 0 0 0 0 1
0 1 0 0     1 0 0 0 0 0 1 0
0 0 0 1     0 1 0 0 0 0 1 0
0 0 1 0     1 0 0 0 0 0 0 1
1 0 0 0     0 0 0 1 1 0 0 0
0 1 0 0     0 0 1 0 0 1 0 0
(2,1) (4,1)